   9.7422802e-01   2.1645000e+00   1.7577085e+00  -5.3130500e-01   9.8539464e-01  -5.1545766e-01  -7.1368923e-01  -2.5934833e-01  -1.2491738e+00  -1.7306219e-01  -4.8333013e-01  -1.0127618e-01   7.9101028e-01
   1.0097639e+00   2.2148638e+00  -2.1529574e-01  -7.2913886e-01   1.0371523e+00  -7.7763778e-01  -9.6120499e-01  -8.7914086e-01  -3.7015275e-01  -1.5489494e+00  -8.5715450e-01  -4.2557540e-01   4.1122148e-01
   9.8593569e-01   6.6811077e-01   1.8058269e+00  -5.1079208e-01   8.1498681e-01  -3.1369225e-01  -5.8036091e-01  -5.1021996e-01   1.1664674e+00  -3.4389897e-01  -1.5865516e+00   2.9300463e-01  -1.8745517e-01
   9.9429134e-01   8.1978855e-01   1.3822302e+00  -4.8807216e-01   1.2844292e+00  -5.7938446e-01  -1.2545536e+00  -8.6341201e-01  -1.7835375e+00  -6.6765371e-01  -1.3854087e+00   5.0638788e-02  -4.0293380e-02
   1.0049538e+00   8.2395567e-01   6.3267302e-01  -2.0202068e+00   1.4352431e+00  -5.3616685e-01  -1.9106592e+00  -2.6169631e-01  -1.2910466e+00  -1.1864447e+00   4.9153570e-01  -3.4230035e-01   1.0949040e+00
   9.9744251e-01   8.9721449e-01   2.1143054e-01  -9.1799901e-01   1.0301183e+00  -2.5644695e-01  -1.1753831e+00  -8.2534386e-01  -1.0926794e+00  -9.7286412e-01  -1.6347508e+00  -4.9547891e-01   2.9620865e+00
   9.8312435e-01   7.7980481e-01  -1.1553285e-01  -4.1542076e-01   5.1754020e-01  -7.7089189e-03  -7.0622867e-01  -7.3508365e-01  -5.8119233e-02   2.0885141e+00  -1.0901558e+00  -4.8058354e-01   8.3842028e-01
   1.0136648e+00   2.4102284e-01   9.9919522e-01  -2.1324693e+00   7.4715378e-01   9.8057826e-01  -1.4917217e-01   2.6148646e+00  -8.6503384e-01  -7.0831659e-01  -4.7558372e-01   1.7718126e+00  -1.0169706e-01
   9.9815220e-01   2.1322730e-01   9.6613043e-01  -7.5265473e-01   1.0958953e+00   1.2828439e+00  -1.2526490e+00  -8.9188793e-01  -9.7295201e-01  -7.8297525e-01  -1.1425526e+00   2.2668783e+00   3.5040521e-01
   9.9309427e-01   2.5939536e-01   6.7148375e-01  -7.3076861e-01   1.2812794e+00   1.7773114e+00  -1.1503894e+00  -7.5453646e-01  -9.3067123e-01  -7.1237756e-01  -1.1861798e+00  -6.2545607e-01   7.9573464e-01
   1.0163481e+00   1.4101380e-01   6.3480975e-01  -3.7849076e-01   1.7897966e-01   1.4078952e+00  -9.0937452e-01  -8.0971122e-01  -7.4429563e-01  -8.2538596e-01  -7.2041222e-01  -2.7873057e-01   5.7888590e-01
   1.0156925e+00  -6.1701890e-02   9.6071466e-01   3.2770251e-01   1.0376015e+00   1.2892031e+00  -6.0313292e-01   3.4632041e-01  -4.2219114e-01  -7.3301495e-01   6.3892122e-02   1.8221225e+00   3.1002521e-01
   1.0122055e+00   6.6063936e-02   7.2495945e-01  -8.3176603e-01   8.6074593e-01   1.3899363e+00   1.3999016e-01  -9.4135182e-01  -7.7684150e-01  -6.7078546e-01  -1.7610500e-01   2.4394551e-01   5.4329798e-01
